-65.200 44.086 -3.470 -8.797 11.011 40.395 44.050 -100.720 -44.779 71.196 -68.643 -11.853 -16.918 55.272 31.208 -20.458 -79.139 13.086 -30.513
85.643 -11.053 -59.342 -12.700 -25.418 18.827 57.266 83.770 31.601 -61.411
32.241 -4.857 -57.908 -0.545 -29.721 -50.232 85.317 -80.536 -63.769 23.738 42.952
12.615 73.189 35.030 -24.789 59.864 33.432 -73.822 -4.174 -57.799 66.863 -47.844 -98.080 -39.656 -30.468 88.568
-92.249 40.610 -48.145 21.174 -0.451 65.284 -60.557 -78.947 77.883 -80.129 5.741 57.841 78.113 -74.429 80.879 10.599 44.156 -43.897 -50.868 82.954
66.114 29.930 -61.607 27.249 -98.243 31.330 -34.969 71.090 -99.824 40.339 72.022 98.181 5.367 30.716 21.456
48.979 11.677 -72.023 -64.935 -55.639 16.225 28.674 5.103 -28.601 -52.983 -53.740 -82.813
64.735 30.694 10.508 25.494 85.933 -21.024 24.037 87.374 77.365 -16.560
65.234 10.790 -33.425 -68.767 -32.377 56.560 -50.543 -9.453 37.976 92.091 -37.983 42.701 -62.296 76.042 -36.632
72.152 32.842 67.315 86.249 -29.972 -80.398 -82.418 -61.600 -62.697 -0.473
-14.356 75.554 -9.542 76.865 28.364 65.524 86.775 96.723 5.867 -26.598
6.259 28.508 18.636 -1.954 59.130 67.148 -32.291 -21.166 72.883 58.457 -63.054 -53.989 63.121 -24.249 33.601 -95.571 -28.880 -96.800 -28.411 -57.271
52.527 74.354 4.279 45.061 -5.946 7.758 47.650 -14.886 -68.714 -59.175 -89.249 30.149 -81.135 16.260 47.824
-86.357 88.317 -72.763 -25.134 56.921 -75.298 64.559 -30.410 -90.933 65.664 -13.054 -36.808 -25.969 -28.086
25.350 -6.767 48.470 75.779 -10.461 -68.518 -95.521 79.913 83.847 -79.485 52.573 10.443 58.894 -21.256 -85.055 94.538 -18.849 20.886
27.511 57.826 38.102 -16.092 -47.202 -36.797 53.518 -37.977 -78.481 14.141 -0.884 -67.902 -67.684
-47.175 -74.020 61.603 -56.444 62.586 -4.013 85.978 -63.684 26.712 -80.582 15.270 -37.289 -8.551 54.385 -73.035 82.901
-24.705 46.824 -24.580 40.858 -42.578 -2.848 -46.963 78.850 98.080 -80.899 -40.687 -64.984 5.226 -65.778 96.630 -47.128 -20.280
-59.897 51.551 -97.432 24.393 -46.884 -79.356 85.858 90.913 -33.248 -29.547 -61.691 -82.551 73.608 -67.114 8.676
36.794 56.869 -10.684 -44.921 -78.002 -24.151 25.504 35.211 33.956 -52.231 4.685 -31.871 -88.990 -33.516 37.947 21.229 -98.693

